#GAIA DR2 ID         SSTtau ID           R.A.      Dec.      Parall Distance PMRA   PMDec µ
147869573608324992   043051.7 + 24414    67.7156   24.6965   9.51   105.12   11.52 −24.50 27.10
151870352825256576   043545.2 + 273713   68.9387   27.6202   8.83   113.19   14.20 −25.79 29.44
147778490237623808   043306.6 + 240954   68.2777   24.1652   8.83   113.20   9.56  −20.23 22.37
149685627517927296   042359.7 + 251452   65.9988   25.2479   8.75   114.33   0.99  −19.70 19.72
147546080967742720   043621.5 + 235116   69.0896   23.8545   8.66   115.46   −1.54 −19.48 19.54
151296579553731456   043007.2 + 260820   67.5302   26.1390   8.62   116.06   2.67  −21.927 22.09
164513602672978304   041840.6 + 281915   64.6692   28.3209   8.52   117.44   6.62  −29.87 30.60
164513022853468160   041807.9 + 282603   64.5333   28.4342   8.48   117.95   8.43  −24.73 26.13
149409920679460096   042630.5 + 244355   66.6273   24.7321   8.41   118.91   2.74  −22.02 22.19
164502062096975744   041901.1 + 281942   64.7546   28.3282   8.38   119.37   8.71  −25.34 26.79
164598303725243776   041935.4 + 282721   64.8978   28.4560   8.36   119.64   11.93 −25.97 28.58
164550882989640192   042203.1 + 282538   65.5132   28.4274   8.31   120.27   10.27 −25.86 27.83
146874275068113664   044000.6 + 235821   70.0028   23.9724   8.30   120.49   8.62  −20.74 22.46
151262700852297728   042704.6 + 260616   66.7696   26.1044   8.25   121.18   6.16  −19.30 20.26
164546038266077824   042025.8 + 281923   65.1077   28.3232   8.19   122.13   10.66 −24.22 26.46
151102790629500288   043057.1 + 255639   67.7384   25.9442   8.14   122.82   5.42  −23.02 23.65
148116246465275520   044205.4 + 252256   70.5229   25.3822   8.14   122.88   5.49  −18.99 19.77
164507353496637952   041831.1 + 281629   64.6297   28.2747   8.12   123.08   8.82  −25.64 27.12
165563674934601856   041357.3 + 291819   63.4891   29.3053   8.10   123.47   9.95  −22.89 24.96
146764465639042176   043906.3 + 233417   69.7766   23.5716   8.06   124.14   8.18  −21.82 23.30
147799209159857280   043217.8 + 242214   68.0745   24.3707   8.05   124.17   6.26  −22.20 23.06
164519276325850752   041817.1 + 282841   64.5713   28.4782   8.04   124.37   5.79  −25.03 25.69
146675954953119104   043815.6 + 230227   69.5651   23.0409   7.98   125.24   −1.07 −17.19 17.22
164513400810646912   041842.5 + 281849   64.6771   28.3138   7.97   125.50   12.13 −24.15 27.02
164495323291866624   041851.1 + 281433   64.7132   28.2425   7.96   125.66   8.61  −24.65 26.11
164513538249595136   041847.0 + 282007   64.6960   28.3353   7.95   125.77   8.30  −25.31 26.63
164422961683000320   041941.2 + 274948   64.9220   27.8299   7.91   126.37   9.94  −24.96 26.87
152118881108855680   042445.0 + 270144   66.1878   27.0290   7.89   126.73   8.39  −26.84 28.13
146767764173923328   043858.5 + 233635   69.7442   23.6097   7.89   126.82   8.64  −21.20 22.89
163165738856771200   041514.7 + 280009   63.8114   28.0025   7.88   126.88   8.55  −25.52 26.92
146881048231272192   043933.6 + 235921   69.8902   23.9891   7.87   127.12   7.28  −20.99 22.22
152511475478780416   042155.6 + 275506   65.4819   27.9183   7.85   127.37   10.75 −27.22 29.27
151793082068521856   043114.4 + 271017   67.8102   27.1715   7.84   127.49   9.17  −27.58 29.06
164445437248152832   042026.0 + 280408   65.1087   28.0691   7.84   127.51   8.33  −26.07 27.37
146764809236423808   043901.6 + 233602   69.7568   23.6007   7.82   127.81   8.57  −21.85 23.47
162758236656524416   041447.8 + 264811   63.6995   26.8030   7.82   127.93   9.02  −22.45 24.20
148037764527442944   043619.0 + 254258   69.0796   25.7163   7.81   128.02   8.91  −27.47 28.88
163184366130809984   041412.9 + 281212   63.5539   28.2033   7.80   128.13   8.93  −29.05 30.40
147606657186323712   043527.3 + 241458   68.8641   24.2496   7.80   128.22   6.05  −20.77 21.64
151327159721125888   042945.6 + 263046   67.4403   26.5128   7.80   128.23   6.87  −20.97 22.06
147801339463632000   043301.9 + 242100   68.2582   24.3499   7.80   128.24   6.37  −20.47 21.44
162757545164429696   041447.3 + 264626   63.6971   26.7739   7.78   128.47   9.48  −22.69 24.59
163246832135164544   041314.1 + 281910   63.3090   28.3195   7.76   128.85   8.37  −24.40 25.80
164698634160139264   041733.7 + 282046   64.3906   28.3462   7.76   128.88   9.18  −25.55 27.15  
164702070133970944   041749.6 + 282936   64.4569   28.4933   7.75   129.03   6.90  −24.62 25.57
151373820245230080   042920.7 + 263340   67.3363   26.5611   7.74   129.24   7.91  −20.41 21.89
149369139966814976   042936.0 + 243555   67.4003   24.5987   7.73   129.42   8.57  −20.20 21.94
164666022471759232   041628.1 + 280735   64.1171   28.1265   7.70   129.84   6.85  −25.90 26.80
164409359522965120   041830.3 + 274320   64.6263   27.7223   7.70   129.89   8.73  −26.27 27.68
145238687096970496   043508.5 + 231139   68.7855   23.1943   7.69   129.96   7.24  −20.98 22.19
147796013704188928   043231.7 + 242002   68.1324   24.3341   7.69   130.03   7.12  −21.50 22.65
147796013704189440   043230.5 + 241957   68.1274   24.3325   7.68   130.21   6.65  −21.86 22.85
146277553787186048   043223.2 + 240301   68.0972   24.0503   7.68   130.24   7.36  −22.43 23.60
164705368668853120   041738.9 + 283300   64.4123   28.5500   7.68   130.27   6.87  −25.25 26.17
164536250037820160   042158.8 + 281806   65.4952   28.3017   7.67   130.33   9.01  −26.39 27.88
151028990206478080   043203.2 + 252807   68.0138   25.4687   7.67   130.39   8.09  −22.81 24.20
146285112929523456   043023.6 + 235912   67.5986   23.9868   7.67   130.40   4.73  −21.97 22.48
164518589131083136   041831.1 + 282716   64.6297   28.4544   7.67   130.44   8.68  −25.10 26.56
147806733942555008   043215.4 + 242859   68.0643   24.4831   7.67   130.46   5.02  −21.38 21.96
147790202612482560   043334.0 + 242117   68.3919   24.3547   7.66   130.50   5.88  −20.55 21.38
152226491513195648   042457.0 + 271156   66.2379   27.1989   7.66   130.57   8.36  −26.75 28.02
147831571737487488   043310.0 + 243343   68.2918   24.5619   7.66   130.60   7.25  −21.23 22.43
163182888662060928   041411.8 + 281153   63.5496   28.1981   7.63   131.09   9.08  −23.89 25.56
146366442430208640   042959.5 + 243307   67.4980   24.5520   7.63   131.12   8.18  −21.44 22.95
148017561002336384   043342.9 + 252647   68.4289   25.4462   7.63   131.14   5.13  −22.77 23.35
164738521519622656   041414.5 + 282758   63.5609   28.4660   7.62   131.24   9.50  −23.57 25.41
151297958238753664   042951.5 + 260644   67.4648   26.1124   7.62   131.28   5.95  −21.01 21.84
150393571269837184   041810.7 + 251957   64.5450   25.3325   7.61   131.36   8.83  −23.34 24.95
164684340508950144   041539.1 + 281858   63.9132   28.3162   7.61   131.49   9.25  −24.38 26.08
164504467278644096   041926.2 + 282614   64.8595   28.4372   7.59   131.70   8.36  −25.47 26.81
163184366130809472   041413.5 + 281249   63.5566   28.2136   7.58   131.94   8.59  −24.42 25.88
163184091252903936   041417.0 + 281057   63.5709   28.1826   7.55   132.44   8.28  −24.16 25.54
152917298349085824   042515.5 + 282927   66.3147   28.4909   7.52   133.06   10.79 −25.05 27.27
152362491654557696   042039.1 + 271731   65.1633   27.2920   7.51   133.07   10.41 −26.09 28.09
147847072275324416   043150.5 + 242418   67.9607   24.4048   7.50   133.33   4.46  −22.96 23.39
151262876946558976   042657.3 + 260628   66.7388   26.1078   7.50   133.36   5.19  −20.71 21.35
151125919028356352   043336.7 + 260949   68.4033   26.1636   7.50   133.40   8.16  −17.37 19.19
163179521407696384   041505.1 + 280846   63.7715   28.1460   7.49   133.57   8.46  −24.48 25.90
152516079683687680   042306.0 + 280119   65.7754   28.0220   7.47   133.88   7.93  −26.68 27.84
148450085683504896   043835.2 + 261038   69.6471   26.1773   7.46   133.96   4.89  −21.78 22.32
147869784062378624   043051.3 + 244222   67.7141   24.7061   7.45   134.22   7.05  −20.94 22.10
151265002954775936   042727.9 + 261205   66.8667   26.2013   7.42   134.69   1.81  −23.45 23.52
164514053645658752   041901.9 + 282233   64.7583   28.3758   7.40   135.07   9.19  −25.76 27.35
151374198202645376   042942.4 + 263249   67.4270   26.5469   7.40   135.12   6.90  −21.21 22.30
162967384383246336   041557.9 + 274617   63.9917   27.7714   7.37   135.67   7.82  −24.65 25.86
163181342473839744   041417.6 + 28060    63.5734   28.1026   7.37   135.69   8.34  −23.32 24.76
148172179824515968   044148.2 + 253430   70.4511   25.5751   7.34   136.16   4.51  −19.61 20.12
148112913570653568   044221.0 + 252034   70.5876   25.3428   7.34   136.16   4.89  −19.42 20.03
163233981593016064   041327.2 + 281624   63.3635   28.2734   7.34   136.30   7.44  −23.84 24.97
148401565437820928   044008.0 + 260525   70.0334   26.0903   7.34   136.32   5.73  −20.13 20.93
148400229703257856   043944.8 + 260152   69.9370   26.0312   7.31   136.85   7.46  −22.11 23.33
153001307909276928   042916.2 + 285627   67.3176   28.9409   7.30   137.05   −6.78 5.99 9.05
147818450613367424   043455.4 + 242853   68.7309   24.4813   7.29   137.20   3.48  −20.99 21.27
164470794735041152   041618.8 + 275215   64.0786   27.8708   7.28   137.29   7.47  −24.93 26.02
164506116546058112   041749.5 + 281331   64.4565   28.2254   7.28   137.37   8.81  −25.22 26.71
164474986623118592   041612.1 + 275638   64.0505   27.9439   7.27   137.49   8.89  −25.72 27.21
152029992465874560   042420.9 + 263051   66.0871   26.5141   7.27   137.59   9.25  −27.37 28.89
148449845165337600   043821.3 + 260913   69.5889   26.1537   7.23   138.31   5.47  −22.97 23.62
152518828462749440   042307.7 + 280557   65.7824   28.0992   7.19   139.05   9.65  −27.01 28.69
148449913884294528   043828.5 + 261049   69.6191   26.1803   7.17   139.38   6.13  −21.34 22.20
151262941369626752   042654.4 + 260651   66.7267   26.1141   7.15   139.91   3.98  −20.40 20.79
145157937416226176   043559.4 + 223829   68.9980   22.6413   7.13   140.33   11.85 −16.94 20.67
148384179410294272   044108.2 + 255607   70.2845   25.9353   7.10   140.83   7.20  −21.95 23.10
147441558642852736   044427.1 + 251216   71.1131   25.2045   7.09   141.01   6.45  −20.15 21.16
147679014500233728   044018.8 + 243234   70.0786   24.5427   7.07   141.50   −1.41 −43.35 43.38
163181308112262400   041426.2 + 280603   63.6095   28.1008   7.04   142.13   5.54  −27.64 28.19
151787064819255936   043126.6 + 270318   67.8613   27.0551   6.99   143.08   13.99 −19.89 24.32
148354733113981696   043903.9 + 254426   69.7665   25.7406   6.95   143.99   7.04  −20.61 21.77
148106316500918272   044303.0 + 252018   70.7628   25.3384   6.92   144.57   4.73  −20.21 20.75
163229544890946944   041353.2 + 281123   63.4721   28.1897   6.91   144.80   11.32 −22.68 25.35
148450875956969344   043814.8 + 261139   69.5620   26.1943   6.88   145.41   4.01  −23.17 23.51
148420639387738112   043800.8 + 255857   69.5036   25.9825   6.87   145.50   4.90  −22.63 23.16
152643240779301632   042900.6 + 275503   67.2529   27.9175   6.87   145.65   8.65  −25.26 26.70
145196527698016512   043319.0 + 224634   68.3295   22.7761   6.77   147.67   10.94 −20.15 22.93
145947077527182848   043309.4 + 224648   68.2895   22.7801   6.71   148.98   10.67 −16.76 19.87
148374391180009600   043955.7 + 254502   69.9823   25.7505   6.70   149.27   6.19  −20.34 21.26
150501362066641664   042216.4 + 254911   65.5686   25.8199   6.61   151.26   14.13 −19.65 24.20
148141775750936960   044039.7 + 251906   70.1658   25.3183   6.57   152.20   6.35  −20.57 21.53
151130591952773632   043307.8 + 261606   68.2826   26.2684   6.57   152.25   7.17  −17.31 18.74
151037064744973696   043158.4 + 254329   67.9936   25.7249   6.55   152.60   7.55  −21.14 22.45
145133786815830784   043541.8 + 223411   68.9244   22.5698   6.53   153.25   10.96 −17.96 21.04
147373010964871040   044642.6 + 245903   71.6776   24.9842   6.48   154.25   4.60  −19.52 20.06
152109054223716480   042423.2 + 265008   66.0968   26.8356   6.46   154.73   11.49 −18.35 21.65
145950895754320384   043224.1 + 225108   68.1007   22.8522   6.44   155.36   9.99  −17.43 20.09
152108882425024128   042426.4 + 264950   66.1103   26.8305   6.43   155.51   11.58 −17.86 21.29
151283870746458496   042629.3 + 262413   66.6225   26.4037   6.42   155.88   10.90 −17.85 20.92
145209442664192896   043552.8 + 225058   68.9703   22.8495   6.39   156.53   10.95 −16.53 19.83
148196510814073728   044110.7 + 255511   70.2950   25.9198   6.38   156.81   4.52  −20.11 20.61
163183644576299264   041449.2 + 281230   63.7054   28.2084   6.37   156.92   10.65 −21.17 23.70
145213192171160064   043553.4 + 225408   68.9730   22.9024   6.36   157.15   11.37 −18.48 21.70
152288824375681536   042216.7 + 265457   65.5699   26.9158   6.35   157.57   11.31 −17.60 20.92
152098299625634816   042247.8 + 264553   65.6996   26.7646   6.34   157.67   10.74 −17.14 20.23
145209618758377856   043547.3 + 225021   68.9473   22.8393   6.30   158.63   13.52 −15.90 20.87
145203159127518336   043352.0 + 225030   68.4668   22.8416   6.30   158.71   8.90  −17.07 19.25
144936836795636864   043917.7 + 222103   69.8242   22.3509   6.29   158.87   10.47 −17.38 20.29
145157941711889536   043558.9 + 223835   68.9956   22.6431   6.29   158.94   10.81 −15.77 19.12
145196252820109440   043326.2 + 224529   68.3593   22.7581   6.28   159.17   8.62  −16.75 18.84
145213295250374016   043552.0 + 225503   68.9671   22.9177   6.28   159.22   8.78  −8.09 11.94
148010281032823552   043339.0 + 252038   68.4129   25.3438   6.28   159.34   9.33  −18.29 20.53
152000786688289664   042444.5 + 261014   66.1858   26.1705   6.27   159.57   11.87 −17.32 21.00
148289831863907840   044138.8 + 255626   70.4118   25.9407   6.26   159.78   2.50  −15.48 15.68
164800235906366976   041542.7 + 290959   63.9283   29.1665   6.25   159.95   12.34 −17.75 21.62
164783811951433856   041639.1 + 285849   64.1631   28.9803   6.25   160.04   4.97  −15.00 15.80
148116276529733120   044207.7 + 252311   70.5325   25.3866   6.25   160.12   −0.74 −14.15 14.17
146319193494413696   042745.3 + 235724   66.9392   23.9567   6.24   160.18   11.27 −16.57 20.04
152293149405058816   042146.3 + 265929   65.4430   26.9914   6.23   160.47   11.92 −18.33 21.86
152104381299305600   042449.0 + 264310   66.2044   26.7195   6.21   160.97   10.61 −17.05 20.08
145132927822383616   043520.2 + 223214   68.8343   22.5373   6.20   161.40   9.83  −16.63 19.32
145203811962545152   043410.9 + 225144   68.5459   22.8623   6.18   161.77   8.90  −17.27 19.43
145213875069914496   043520.8 + 225424   68.8371   22.9066   6.18   161.83   9.72  −19.25 21.56  
145212711134828672   043542.0 + 225222   68.9252   22.8729   6.17   162.07   10.02 −16.77 19.54
145210099794710272   043551.0 + 225240   68.9629   22.8777   6.16   162.32   6.32  −28.15 28.85
145225596036660224   043456.9 + 225835   68.7373   22.9765   6.15   162.68   11.70 −16.41 20.16
147562470562750720   043649.1 + 241258   69.2049   24.2163   6.14   162.85   43.42 −13.26 45.40
152099055539792000   042224.0 + 264625   65.6002   26.7738   6.13   163.27   11.41 −17.86 21.19
147248216395196672   044518.2 + 242436   71.3258   24.4101   6.11   163.54   −15.8 −2.85 16.10
145951789107603200   043249.1 + 225302   68.2047   22.8841   6.08   164.53   7.43  −15.79 17.45
145213192171159552   043554.1 + 225413   68.9757   22.9037   6.03   165.95   11.87 −9.99 15.51
152305248330621184   042134.5 + 270138   65.3942   27.0273   5.99   167.00   11.77 −16.63 20.38
164800815725933312   041524.0 + 291043   63.8505   29.1787   5.97   167.54   10.74 −19.44 22.20
152349022637314176   042025.5 + 270035   65.1065   27.0098   5.87   170.35   11.35 −17.73 21.05
145220064117853696   043610.3 + 225956   69.0433   22.9988   5.84   171.24   10.81 −15.96 19.27
146050057959093632   043119.0 + 233504   67.8295   23.5846   5.83   171.56   8.08  −16.60 18.47
145203704587705088   043415.2 + 225030   68.5637   22.8418   5.82   171.97   10.08 −17.50 20.19
151129011404806912   043344.6 + 261500   68.4361   26.2500   5.77   173.26   6.51  −17.31 18.50
145213187879627776   043552.7 + 225423   68.9700   22.9064   5.64   177.15   8.82  −13.95 16.51
145217379763796992   043638.9 + 225811   69.1622   22.9699   5.44   183.91   9.55  −15.97 18.61
152361426502650496   042115.2 + 272101   65.3136   27.3502   5.41   184.86   2.96  −4.53 5.41      